"","x"
"1",0.7648
